
λ ≈ {  7.236,  6.236,  6.236,  5.236,  5.000,  5.000,  4.000,  4.000,  4.000,  4.000,  3.000,  3.000,  2.764,  1.764,  1.764,  0.764  }

[   0.345   0.559   0.559   0.345  ]
[   0.559   0.905   0.905   0.559  ]
[   0.559   0.905   0.905   0.559  ]
[   0.345   0.559   0.559   0.345  ]

[   0.559   0.345  -0.345  -0.559  ]
[   0.905   0.559  -0.559  -0.905  ]
[   0.905   0.559  -0.559  -0.905  ]
[   0.559   0.345  -0.345  -0.559  ]

[   0.559   0.905   0.905   0.559  ]
[   0.345   0.559   0.559   0.345  ]
[  -0.345  -0.559  -0.559  -0.345  ]
[  -0.559  -0.905  -0.905  -0.559  ]

[   0.905   0.559  -0.559  -0.905  ]
[   0.559   0.345  -0.345  -0.559  ]
[  -0.559  -0.345   0.345   0.559  ]
[  -0.905  -0.559   0.559   0.905  ]

[   0.559  -0.345  -0.345   0.559  ]
[   0.905  -0.559  -0.559   0.905  ]
[   0.905  -0.559  -0.559   0.905  ]
[   0.559  -0.345  -0.345   0.559  ]

[   0.559   0.905   0.905   0.559  ]
[  -0.345  -0.559  -0.559  -0.345  ]
[  -0.345  -0.559  -0.559  -0.345  ]
[   0.559   0.905   0.905   0.559  ]

[   0.345  -0.559   0.559  -0.345  ]
[   0.559  -0.905   0.905  -0.559  ]
[   0.559  -0.905   0.905  -0.559  ]
[   0.345  -0.559   0.559  -0.345  ]

[   0.905  -0.559  -0.559   0.905  ]
[   0.559  -0.345  -0.345   0.559  ]
[  -0.559   0.345   0.345  -0.559  ]
[  -0.905   0.559   0.559  -0.905  ]

[   0.905   0.559  -0.559  -0.905  ]
[  -0.559  -0.345   0.345   0.559  ]
[  -0.559  -0.345   0.345   0.559  ]
[   0.905   0.559  -0.559  -0.905  ]

[   0.345   0.559   0.559   0.345  ]
[  -0.559  -0.905  -0.905  -0.559  ]
[   0.559   0.905   0.905   0.559  ]
[  -0.345  -0.559  -0.559  -0.345  ]

[   0.559  -0.905   0.905  -0.559  ]
[   0.345  -0.559   0.559  -0.345  ]
[  -0.345   0.559  -0.559   0.345  ]
[  -0.559   0.905  -0.905   0.559  ]

[   0.559   0.345  -0.345  -0.559  ]
[  -0.905  -0.559   0.559   0.905  ]
[   0.905   0.559  -0.559  -0.905  ]
[  -0.559  -0.345   0.345   0.559  ]

[   0.905  -0.559  -0.559   0.905  ]
[  -0.559   0.345   0.345  -0.559  ]
[  -0.559   0.345   0.345  -0.559  ]
[   0.905  -0.559  -0.559   0.905  ]

[   0.559  -0.905   0.905  -0.559  ]
[  -0.345   0.559  -0.559   0.345  ]
[  -0.345   0.559  -0.559   0.345  ]
[   0.559  -0.905   0.905  -0.559  ]

[   0.559  -0.345  -0.345   0.559  ]
[  -0.905   0.559   0.559  -0.905  ]
[   0.905  -0.559  -0.559   0.905  ]
[  -0.559   0.345   0.345  -0.559  ]

[   0.345  -0.559   0.559  -0.345  ]
[  -0.559   0.905  -0.905   0.559  ]
[   0.559  -0.905   0.905  -0.559  ]
[  -0.345   0.559  -0.559   0.345  ]

Elapsed time in milliseconds: 25 

