
λ ≈ {  1.172,  2.586,  2.586,  4.000,  4.000,  4.000,  5.414,  5.414,  6.828  }

λ ≈ 1,172 
[  -0.250   -0.354   -0.250  ]
[  -0.354   -0.500   -0.354  ]
[  -0.250   -0.354   -0.250  ]

λ ≈ 2,586 
[   0.000   -0.354   -0.500  ]
[   0.354    0.000   -0.354  ]
[   0.500    0.354    0.000  ]

λ ≈ 2,586 
[   0.500    0.354   -0.000  ]
[   0.354   -0.000   -0.354  ]
[   0.000   -0.354   -0.500  ]

λ ≈ 4,000 
[   0.000   -0.395   -0.353  ]
[   0.395    0.353    0.395  ]
[  -0.353   -0.395   -0.000  ]

λ ≈ 4,000 
[   0.612   -0.000   -0.204  ]
[   0.000   -0.408    0.000  ]
[  -0.204   -0.000    0.612  ]

λ ≈ 4,000 
[  -0.000   -0.306    0.457  ]
[   0.306   -0.457    0.306  ]
[   0.457   -0.306   -0.000  ]

λ ≈ 5,414 
[  -0.500    0.354    0.000  ]
[   0.354   -0.000   -0.354  ]
[   0.000   -0.354    0.500  ]

λ ≈ 5,414 
[   0.000   -0.354    0.500  ]
[   0.354    0.000   -0.354  ]
[  -0.500    0.354   -0.000  ]

λ ≈ 6,828 
[  -0.250    0.354   -0.250  ]
[   0.354   -0.500    0.354  ]
[  -0.250    0.354   -0.250  ]

Elapsed time in milliseconds: 51 

